0 1 2.691005647648126e-07 2.0052568753732367e-07 1.4350043784361332e-07 9.189908339202187e-08
1 1 2.383989340160042e-07 1.1183590430403991e-07 1.3270073395688087e-07 6.244198967195416e-08
2 2 2.2870004613650964e-06 1.045907073650352e-06 1.6779995348770171e-07 7.086325929411733e-08
3 2 2.149599458789453e-06 7.048411824392424e-07 1.7699967429507525e-07 7.149068487525655e-08
4 4 4.451699714991264e-06 1.593379452202253e-06 2.9709990485571324e-07 1.1196824220284043e-07
5 5 5.5436998081859205e-06 9.939653005710387e-07 3.418004780542105e-07 1.0866581935343554e-07
6 8 8.751299901632592e-06 1.960695532640781e-06 5.129000783199444e-07 1.211273610283717e-07
7 11 1.1599300341913476e-05 1.0363812859669164e-06 6.784990546293556e-07 1.2095805177066535e-07
8 16 1.8887099577113987e-05 1.6609661583055628e-06 1.0365998605266214e-06 1.8389499068038526e-07
9 22 2.5579099747119473e-05 1.9267418085892615e-06 1.4519988326355816e-06 1.209501397496065e-07
10 32 3.846489962597843e-05 3.0994510804730308e-06 2.317500184290111e-06 1.7825657226130068e-07
11 45 5.536429889616556e-05 3.6152873289663804e-06 3.4923006751341747e-06 2.039367960132789e-07
12 64 8.127300097839906e-05 2.4721368397767965e-06 5.524199877982028e-06 3.8084154451877184e-07
13 90 0.00011666370010061655 5.512588607189902e-06 8.347899347427301e-06 2.7421182277794657e-07
14 128 0.00017906769935507327 7.657469333812814e-06 1.2710399460047483e-05 5.663825410227356e-07
15 181 0.00026184530106547753 1.2550369191877528e-05 1.9167500067851505e-05 4.842959364354425e-07
16 256 0.0003771317009523045 1.784978808843206e-05 2.8882600236102008e-05 5.210216343497922e-07
17 362 0.0005642934989737114 2.497827801812803e-05 4.350820017862134e-05 6.457814029533034e-07
18 512 0.00083127979960409 3.3029557377782416e-05 6.53553994197864e-05 9.930555662806096e-07
19 724 0.0012226045004354092 2.8529006986270646e-05 9.79935000941623e-05 9.504909340950093e-07
20 1024 0.001806575499722385 7.333415432133577e-05 0.00014592130064556842 1.0524730194115017e-06
21 1448 0.002630995900472044 8.581790176306378e-05 0.0002193608004745329 3.327537979735151e-06
22 2048 0.0038713082001777368 0.0001448698886898197 0.00032395809939771424 1.0001156849189586e-06
23 2896 0.005703728699518251 0.00018167518069311085 0.00048246580008708405 1.365884039834088e-06
24 4096 0.00820592120035144 0.00022750666818289079 0.0007150948000344215 3.169227129598538e-06
25 5792 0.012157760399350081 0.00029076477065840905 0.0010622770998452325 3.51831808035839e-06
26 8192 0.01770601639909728 0.0005964468304874414 0.0015713918997789732 3.378881052765603e-06
27 11585 0.025234191999334143 0.0006502204159603958 0.0023327030998189003 4.988269112339647e-06
28 16384 0.03692686299982597 0.001068180054711221 0.0034585652996611317 2.235916807467055e-05
29 23170 0.05414422109970474 0.0020251322442388833 0.00510992859963153 1.2715325245403344e-05
30 32768 0.07890952300003846 0.0024378517914397865 0.007524697400367586 1.0778112483902576e-05
31 46340 0.11299645590115688 0.0038896230146879735 0.011134878599841613 4.3152645764097275e-05
32 65536 0.16397924790035176 0.0048184431053841315 0.01635237480077194 2.8803607028292387e-05
33 92681 0.2361398201999691 0.0038937230087673297 0.02415752339984465 4.800808020656861e-05
34 131072 0.34322655530013435 0.013030514402055278 0.03797298439967563 0.0015335670388416473
35 185363 0.5103169332000107 0.01656560271158772 0.05413697830008459 0.0003596292767585637
36 262144 0.7377732899993135 0.020058447131896487 0.08076908250004636 0.00031361799548638953
37 370727 1.0637511042994447 0.017907033357223014 0.1256590243003302 0.004055771117738598
38 524288 1.6019677580999996 0.060036909497191926 0.19089854419944458 0.0006174830620106874
39 741455 2.302985325100599 0.05060526452648119 0.296419140999933 0.000569054141290688
40 1048576 3.4548040122001114 0.11685767801793787 0.4569492641996476 0.0006736654579454982
41 1482910 5.096227168400583 0.14604479334111828 0.7019741763993806 0.004587079054462312
42 2097152 7.379186773800029 0.15241227836026042 1.0694660381988796 0.0025111563377053425
43 2965820 10.862436245200296 0.16936547678621108 1.6438922216002538 0.0026070891472385993
44 4194304 15.84580391290001 0.2615019999188459 2.5158301678991846 0.0024330814994867386
45 5931641 23.403018953400533 0.43148619138694855 3.8407532102999538 0.011555012647645815
46 8388608 34.840231217899785 1.059176713829599 5.777154146500107 0.04404014502903754
47 11863283 50.698664614100196 2.326604081923355 8.785339782200754 0.01922800376604092
48 16777216 73.57252318209976 1.6587136013077288 13.194142437299524 0.01760244484410133
49 23726566 109.65752136070077 1.3853518998238392 19.07924816809973 0.0806630033621915
